00 75 00 73 00 69 00 6e  00 67 00 20 00 53 00 79
00 73 00 74 00 65 00 6d  00 3b 00 0a 00 75 00 73
00 69 00 6e 00 67 00 20  00 53 00 79 00 73 00 74
00 65 00 6d 00 2e 00 43  00 6f 00 6c 00 6c 00 65
00 63 00 74 00 69 00 6f  00 6e 00 73 00 3b 00 0a
00 75 00 73 00 69 00 6e  00 67 00 20 00 53 00 79
00 73 00 74 00 65 00 6d  00 2e 00 43 00 6f 00 6c
00 6c 00 65 00 63 00 74  00 69 00 6f 00 6e 00 73
00 2e 00 47 00 65 00 6e  00 65 00 72 00 69 00 63
00 3b 00 0a 00 75 00 73  00 69 00 6e 00 67 00 20
00 55 00 6e 00 69 00 74  00 79 00 2e 00 4e 00 65
00 74 00 63 00 6f 00 64  00 65 00 3b 00 0a 00 75
00 73 00 69 00 6e 00 67  00 20 00 55 00 6e 00 69
00 74 00 79 00 45 00 6e  00 67 00 69 00 6e 00 65
00 3b 00 0a 00 75 00 73  00 69 00 6e 00 67 00 20
00 73 00 74 00 61 00 74  00 69 00 63 00 20 00 50
00 6c 00 61 00 79 00 65  00 72 00 3b 00 0a 00 0a
00 70 00 75 00 62 00 6c  00 69 00 63 00 20 00 63
00 6c 00 61 00 73 00 73  00 20 00 50 00 6c 00 61
00 79 00 65 00 72 00 20  00 3a 00 20 00 4e 00 65
00 74 00 77 00 6f 00 72  00 6b 00 42 00 65 00 68
00 61 00 76 00 69 00 6f  00 75 00 72 00 2c 00 20
00 49 00 4b 00 69 00 74  00 63 00 68 00 6f 00 6e
00 4f 00 62 00 6a 00 65  00 63 00 74 00 50 00 61
00 72 00 65 00 6e 00 74  00 0a 00 7b 00 0a 00 0a
00 20 00 20 00 20 00 20  00 70 00 75 00 62 00 6c
00 69 00 63 00 20 00 73  00 74 00 61 00 74 00 69
00 63 00 20 00 65 00 76  00 65 00 6e 00 74 00 20
00 45 00 76 00 65 00 6e  00 74 00 48 00 61 00 6e
00 64 00 6c 00 65 00 72  00 20 00 4f 00 6e 00 41
00 6e 00 79 00 50 00 6c  00 61 00 79 00 65 00 72
00 53 00 70 00 61 00 77  00 6e 00 65 00 64 00 3b
00 0a 00 20 00 20 00 20  00 20 00 70 00 75 00 62
00 6c 00 69 00 63 00 20  00 73 00 74 00 61 00 74
00 69 00 63 00 20 00 65  00 76 00 65 00 6e 00 74
00 20 00 45 00 76 00 65  00 6e 00 74 00 48 00 61
00 6e 00 64 00 6c 00 65  00 72 00 20 00 4f 00 6e
00 41 00 6e 00 79 00 50  00 69 00 63 00 6b 00 64
00 53 00 6f 00 6d 00 65  00 74 00 68 00 69 00 6e
00 67 00 3b 00 0a 00 20  00 20 00 20 00 20 00 70
00 75 00 62 00 6c 00 69  00 63 00 20 00 73 00 74
00 61 00 74 00 69 00 63  00 20 00 76 00 6f 00 69
00 64 00 20 00 52 00 65  00 73 00 74 00 53 00 74
00 61 00 74 00 69 00 63  00 44 00 61 00 74 00 61
00 28 00 29 00 0a 00 20  00 20 00 20 00 20 00 7b
00 0a 00 20 00 20 00 20  00 20 00 20 00 20 00 20
00 20 00 4f 00 6e 00 41  00 6e 00 79 00 50 00 6c
00 61 00 79 00 65 00 72  00 53 00 70 00 61 00 77
00 6e 00 65 00 64 00 20  00 3d 00 20 00 6e 00 75
00 6c 00 6c 00 3b 00 0a  00 20 00 20 00 20 00 20
00 7d 00 0a 00 0a 00 20  00 20 00 20 00 20 00 70
00 75 00 62 00 6c 00 69  00 63 00 20 00 73 00 74
00 61 00 74 00 69 00 63  00 20 00 50 00 6c 00 61
00 79 00 65 00 72 00 20  00 4c 00 6f 00 63 00 61
00 6c 00 49 00 6e 00 73  00 74 00 61 00 6e 00 63
00 65 00 20 00 7b 00 20  00 67 00 65 00 74 00 3b
00 20 00 70 00 72 00 69  00 76 00 61 00 74 00 65
00 20 00 73 00 65 00 74  00 3b 00 20 00 7d 00 0a
00 0a 00 20 00 20 00 20  00 20 00 70 00 75 00 62
00 6c 00 69 00 63 00 20  00 65 00 76 00 65 00 6e
00 74 00 20 00 45 00 76  00 65 00 6e 00 74 00 48
00 61 00 6e 00 64 00 6c  00 65 00 72 00 20 00 4f
00 6e 00 50 00 6c 00 69  00 63 00 6b 00 65 00 64
00 53 00 6f 00 6d 00 65  00 74 00 68 00 69 00 6e
00 67 00 3b 00 0a 00 20  00 20 00 20 00 20 00 70
00 75 00 62 00 6c 00 69  00 63 00 20 00 65 00 76
00 65 00 6e 00 74 00 20  00 45 00 76 00 65 00 6e
00 74 00 48 00 61 00 6e  00 64 00 6c 00 65 00 72
00 3c 00 4f 00 6e 00 53  00 65 00 6c 00 65 00 63
00 74 00 65 00 64 00 43  00 6f 00 75 00 6e 00 74
00 65 00 72 00 43 00 68  00 61 00 6e 00 67 00 65
00 64 00 45 00 76 00 65  00 6e 00 74 00 41 00 72
00 67 00 73 00 3e 00 20  00 4f 00 6e 00 53 00 65
00 6c 00 65 00 63 00 74  00 65 00 64 00 43 00 6f
00 75 00 6e 00 74 00 65  00 72 00 43 00 68 00 61
00 6e 00 67 00 65 00 64  00 3b 00 0a 00 20 00 20
00 20 00 20 00 70 00 75  00 62 00 6c 00 69 00 63
00 20 00 63 00 6c 00 61  00 73 00 73 00 20 00 4f
00 6e 00 53 00 65 00 6c  00 65 00 63 00 74 00 65
00 64 00 43 00 6f 00 75  00 6e 00 74 00 65 00 72
00 43 00 68 00 61 00 6e  00 67 00 65 00 64 00 45
00 76 00 65 00 6e 00 74  00 41 00 72 00 67 00 73
00 20 00 3a 00 20 00 45  00 76 00 65 00 6e 00 74
00 41 00 72 00 67 00 73  00 0a 00 20 00 20 00 20
00 20 00 7b 00 0a 00 20  00 20 00 20 00 20 00 20
00 20 00 20 00 20 00 70  00 75 00 62 00 6c 00 69
00 63 00 20 00 42 00 61  00 73 00 65 00 43 00 6f
00 75 00 6e 00 74 00 65  00 72 00 20 00 73 00 65
00 6c 00 65 00 63 00 74  00 65 00 64 00 43 00 6f
00 75 00 6e 00 74 00 65  00 72 00 3b 00 0a 00 20
00 20 00 20 00 20 00 7d  00 0a 00 0a 00 20 00 20
00 20 00 20 00 5b 00 53  00 65 00 72 00 69 00 61
00 6c 00 69 00 7a 00 65  00 46 00 69 00 65 00 6c
00 64 00 5d 00 20 00 70  00 72 00 69 00 76 00 61
00 74 00 65 00 20 00 66  00 6c 00 6f 00 61 00 74
00 20 00 6d 00 6f 00 76  00 65 00 53 00 70 00 65
00 65 00 64 00 20 00 3d  00 20 00 37 00 66 00 3b
00 0a 00 20 00 20 00 20  00 20 00 5b 00 53 00 65
00 72 00 69 00 61 00 6c  00 69 00 7a 00 65 00 46
00 69 00 65 00 6c 00 64  00 5d 00 20 00 70 00 72
00 69 00 76 00 61 00 74  00 65 00 20 00 4c 00 61
00 79 00 65 00 72 00 4d  00 61 00 73 00 6b 00 20
00 63 00 6f 00 75 00 6e  00 74 00 65 00 72 00 4c
00 61 00 79 00 65 00 72  00 4d 00 61 00 73 00 6b
00 3b 00 0a 00 20 00 20  00 20 00 20 00 5b 00 53
00 65 00 72 00 69 00 61  00 6c 00 69 00 7a 00 65
00 46 00 69 00 65 00 6c  00 64 00 5d 00 20 00 70
00 72 00 69 00 76 00 61  00 74 00 65 00 20 00 4c
00 61 00 79 00 65 00 72  00 4d 00 61 00 73 00 6b
00 20 00 63 00 6f 00 6c  00 6c 00 69 00 73 00 69
00 6f 00 6e 00 73 00 4c  00 61 00 79 00 65 00 72
00 4d 00 61 00 73 00 6b  00 3b 00 0a 00 20 00 20
00 20 00 20 00 5b 00 53  00 65 00 72 00 69 00 61
00 6c 00 69 00 7a 00 65  00 46 00 69 00 65 00 6c
00 64 00 5d 00 20 00 70  00 72 00 69 00 76 00 61
00 74 00 65 00 20 00 54  00 72 00 61 00 6e 00 73
00 66 00 6f 00 72 00 6d  00 20 00 6b 00 69 00 74
00 63 00 68 00 65 00 6e  00 4f 00 62 00 6a 00 65
00 63 00 74 00 48 00 6f  00 6c 00 64 00 50 00 6f
00 69 00 6e 00 74 00 3b  00 0a 00 20 00 20 00 20
00 20 00 5b 00 53 00 65  00 72 00 69 00 61 00 6c
00 69 00 7a 00 65 00 46  00 69 00 65 00 6c 00 64
00 5d 00 20 00 70 00 72  00 69 00 76 00 61 00 74
00 65 00 20 00 4c 00 69  00 73 00 74 00 3c 00 56
00 65 00 63 00 74 00 6f  00 72 00 33 00 3e 00 20
00 73 00 70 00 61 00 77  00 6e 00 50 00 6f 00 69
00 6e 00 74 00 73 00 20  00 3d 00 20 00 6e 00 65
00 77 00 20 00 4c 00 69  00 73 00 74 00 3c 00 56
00 65 00 63 00 74 00 6f  00 72 00 33 00 3e 00 28
00 29 00 3b 00 0a 00 0a  00 20 00 20 00 20 00 20
00 70 00 72 00 69 00 76  00 61 00 74 00 65 00 20
00 62 00 6f 00 6f 00 6c  00 20 00 69 00 73 00 57
00 61 00 6c 00 6b 00 69  00 6e 00 67 00 3b 00 0a
00 20 00 20 00 20 00 20  00 70 00 72 00 69 00 76
00 61 00 74 00 65 00 20  00 56 00 65 00 63 00 74
00 6f 00 72 00 33 00 20  00 6c 00 61 00 73 00 74
00 49 00 6e 00 74 00 65  00 72 00 61 00 63 00 74
00 44 00 69 00 72 00 3b  00 0a 00 20 00 20 00 20
00 20 00 70 00 72 00 69  00 76 00 61 00 74 00 65
00 20 00 42 00 61 00 73  00 65 00 43 00 6f 00 75
00 6e 00 74 00 65 00 72  00 20 00 73 00 65 00 6c
00 65 00 63 00 74 00 65  00 64 00 43 00 6f 00 75
00 6e 00 74 00 65 00 72  00 3b 00 0a 00 20 00 20
00 20 00 20 00 70 00 72  00 69 00 76 00 61 00 74
00 65 00 20 00 4b 00 69  00 74 00 63 00 68 00 65
00 6e 00 4f 00 62 00 6a  00 65 00 63 00 74 00 20
00 6b 00 69 00 74 00 63  00 68 00 65 00 6e 00 4f
00 62 00 6a 00 65 00 63  00 74 00 3b 00 0a 00 0a
00 20 00 20 00 20 00 20  00 70 00 75 00 62 00 6c
00 69 00 63 00 20 00 6f  00 76 00 65 00 72 00 72
00 69 00 64 00 65 00 20  00 76 00 6f 00 69 00 64
00 20 00 4f 00 6e 00 4e  00 65 00 74 00 77 00 6f
00 72 00 6b 00 53 00 70  00 61 00 77 00 6e 00 28
00 29 00 0a 00 20 00 20  00 20 00 20 00 7b 00 0a
00 20 00 20 00 20 00 20  00 20 00 20 00 20 00 20
00 69 00 66 00 20 00 28  00 49 00 73 00 4f 00 77
00 6e 00 65 00 72 00 29  00 0a 00 20 00 20 00 20
00 20 00 20 00 20 00 20  00 20 00 7b 00 0a 00 20
00 20 00 20 00 20 00 20  00 20 00 20 00 20 00 20
00 20 00 20 00 20 00 4c  00 6f 00 63 00 61 00 6c
00 49 00 6e 00 73 00 74  00 61 00 6e 00 63 00 65
00 20 00 3d 00 20 00 74  00 68 00 69 00 73 00 3b
00 0a 00 0a 00 20 00 20  00 20 00 20 00 20 00 20
00 20 00 20 00 7d 00 0a  00 20 00 20 00 20 00 20
00 20 00 20 00 20 00 20  00 74 00 72 00 61 00 6e
00 73 00 66 00 6f 00 72  00 6d 00 2e 00 70 00 6f
00 73 00 69 00 74 00 69  00 6f 00 6e 00 20 00 3d
00 20 00 73 00 70 00 61  00 77 00 6e 00 50 00 6f
00 69 00 6e 00 74 00 73  00 5b 00 28 00 69 00 6e
00 74 00 29 00 4f 00 77  00 6e 00 65 00 72 00 43
00 6c 00 69 00 65 00 6e  00 74 00 49 00 64 00 5d
00 3b 00 0a 00 20 00 20  00 20 00 20 00 20 00 20
00 20 00 20 00 2f 00 2f  5f 53 73 a9 5b b6 88 ab
5b 9e 4f 8b 53 16 65 f6  ff 0c 90 1a 77 e5 90 09
4e 2d 7e c4 4e f6 6d fb  52 a0 4e 8b 4e f6 8b a2
96 05 00 0a 00 20 00 20  00 20 00 20 00 20 00 20
00 20 00 20 00 4f 00 6e  00 41 00 6e 00 79 00 50
00 6c 00 61 00 79 00 65  00 72 00 53 00 70 00 61
00 77 00 6e 00 65 00 64  00 3f 00 2e 00 49 00 6e
00 76 00 6f 00 6b 00 65  00 28 00 74 00 68 00 69
00 73 00 2c 00 20 00 45  00 76 00 65 00 6e 00 74
00 41 00 72 00 67 00 73  00 2e 00 45 00 6d 00 70
00 74 00 79 00 29 00 3b  00 0a 00 20 00 20 00 20
00 20 00 7d 00 0a 00 0a  00 0a 00 20 00 20 00 20
00 20 00 70 00 72 00 69  00 76 00 61 00 74 00 65
00 20 00 76 00 6f 00 69  00 64 00 20 00 53 00 74
00 61 00 72 00 74 00 28  00 29 00 0a 00 20 00 20
00 20 00 20 00 7b 00 0a  00 20 00 20 00 20 00 20
00 20 00 20 00 20 00 20  00 47 00 61 00 6d 00 65
00 49 00 6e 00 70 00 75  00 74 00 2e 00 49 00 6e
00 73 00 74 00 61 00 6e  00 63 00 65 00 2e 00 4f
00 6e 00 49 00 6e 00 74  00 65 00 72 00 61 00 63
00 74 00 41 00 63 00 74  00 69 00 6f 00 6e 00 20
00 2b 00 3d 00 20 00 47  00 61 00 6d 00 65 00 49
00 6e 00 70 00 75 00 74  00 5f 00 4f 00 6e 00 49
00 6e 00 74 00 65 00 72  00 61 00 63 00 74 00 41
00 63 00 74 00 69 00 6f  00 6e 00 3b 00 0a 00 20
00 20 00 20 00 20 00 20  00 20 00 20 00 20 00 47
00 61 00 6d 00 65 00 49  00 6e 00 70 00 75 00 74
00 2e 00 49 00 6e 00 73  00 74 00 61 00 6e 00 63
00 65 00 2e 00 4f 00 6e  00 49 00 6e 00 74 00 65
00 72 00 61 00 63 00 74  00 41 00 6c 00 74 00 65
00 72 00 6e 00 61 00 74  00 65 00 41 00 63 00 74
00 69 00 6f 00 6e 00 20  00 2b 00 3d 00 20 00 47
00 61 00 6d 00 65 00 49  00 6e 00 70 00 75 00 74
00 5f 00 4f 00 6e 00 49  00 6e 00 74 00 65 00 72
00 61 00 63 00 74 00 41  00 6c 00 74 00 65 00 72
00 6e 00 61 00 74 00 65  00 41 00 63 00 74 00 69
00 6f 00 6e 00 3b 00 0a  00 20 00 20 00 20 00 20
00 7d 00 0a 00 0a 00 20  00 20 00 20 00 20 00 70
00 72 00 69 00 76 00 61  00 74 00 65 00 20 00 76
00 6f 00 69 00 64 00 20  00 47 00 61 00 6d 00 65
00 49 00 6e 00 70 00 75  00 74 00 5f 00 4f 00 6e
00 49 00 6e 00 74 00 65  00 72 00 61 00 63 00 74
00 41 00 6c 00 74 00 65  00 72 00 6e 00 61 00 74
00 65 00 41 00 63 00 74  00 69 00 6f 00 6e 00 28
00 6f 00 62 00 6a 00 65  00 63 00 74 00 20 00 73
00 65 00 6e 00 64 00 65  00 72 00 2c 00 20 00 45
00 76 00 65 00 6e 00 74  00 41 00 72 00 67 00 73
00 20 00 65 00 29 00 0a  00 20 00 20 00 20 00 20
00 7b 00 0a 00 20 00 20  00 20 00 20 00 20 00 20
00 20 00 20 00 69 00 66  00 20 00 28 00 21 00 47
00 61 00 6d 00 65 00 4d  00 61 00 6e 00 61 00 67
00 65 00 72 00 2e 00 49  00 6e 00 73 00 74 00 61
00 6e 00 63 00 65 00 2e  00 49 00 73 00 47 00 61
00 6d 00 65 00 50 00 6c  00 61 00 79 00 69 00 6e
00 67 00 28 00 29 00 29  00 20 00 72 00 65 00 74
00 75 00 72 00 6e 00 3b  00 0a 00 0a 00 20 00 20
00 20 00 20 00 20 00 20  00 20 00 20 00 69 00 66
00 20 00 28 00 73 00 65  00 6c 00 65 00 63 00 74
00 65 00 64 00 43 00 6f  00 75 00 6e 00 74 00 65
00 72 00 20 00 21 00 3d  00 20 00 6e 00 75 00 6c
00 6c 00 29 00 0a 00 20  00 20 00 20 00 20 00 20
00 20 00 20 00 20 00 7b  00 0a 00 20 00 20 00 20
00 20 00 20 00 20 00 20  00 20 00 20 00 20 00 20
00 20 00 73 00 65 00 6c  00 65 00 63 00 74 00 65
00 64 00 43 00 6f 00 75  00 6e 00 74 00 65 00 72
00 2e 00 49 00 6e 00 74  00 65 00 72 00 61 00 63
00 74 00 41 00 6c 00 74  00 65 00 72 00 6e 00 61
00 74 00 65 00 28 00 74  00 68 00 69 00 73 00 29
00 3b 00 0a 00 20 00 20  00 20 00 20 00 20 00 20
00 20 00 20 00 7d 00 0a  00 20 00 20 00 20 00 20
00 7d 00 0a 00 0a 00 20  00 20 00 20 00 20 00 70
00 72 00 69 00 76 00 61  00 74 00 65 00 20 00 76
00 6f 00 69 00 64 00 20  00 47 00 61 00 6d 00 65
00 49 00 6e 00 70 00 75  00 74 00 5f 00 4f 00 6e
00 49 00 6e 00 74 00 65  00 72 00 61 00 63 00 74
00 41 00 63 00 74 00 69  00 6f 00 6e 00 28 00 6f
00 62 00 6a 00 65 00 63  00 74 00 20 00 73 00 65
00 6e 00 64 00 65 00 72  00 2c 00 20 00 53 00 79
00 73 00 74 00 65 00 6d  00 2e 00 45 00 76 00 65
00 6e 00 74 00 41 00 72  00 67 00 73 00 20 00 65
00 29 00 0a 00 20 00 20  00 20 00 20 00 7b 00 0a
00 20 00 20 00 20 00 20  00 20 00 20 00 20 00 20
00 69 00 66 00 20 00 28  00 21 00 47 00 61 00 6d
00 65 00 4d 00 61 00 6e  00 61 00 67 00 65 00 72
00 2e 00 49 00 6e 00 73  00 74 00 61 00 6e 00 63
00 65 00 2e 00 49 00 73  00 47 00 61 00 6d 00 65
00 50 00 6c 00 61 00 79  00 69 00 6e 00 67 00 28
00 29 00 29 00 20 00 72  00 65 00 74 00 75 00 72
00 6e 00 3b 00 0a 00 0a  00 20 00 20 00 20 00 20
00 20 00 20 00 20 00 20  00 69 00 66 00 20 00 28
00 73 00 65 00 6c 00 65  00 63 00 74 00 65 00 64
00 43 00 6f 00 75 00 6e  00 74 00 65 00 72 00 20
00 21 00 3d 00 20 00 6e  00 75 00 6c 00 6c 00 29
00 0a 00 20 00 20 00 20  00 20 00 20 00 20 00 20
00 20 00 7b 00 0a 00 20  00 20 00 20 00 20 00 20
00 20 00 20 00 20 00 20  00 20 00 20 00 20 00 73
00 65 00 6c 00 65 00 63  00 74 00 65 00 64 00 43
00 6f 00 75 00 6e 00 74  00 65 00 72 00 2e 00 49
00 6e 00 74 00 65 00 72  00 61 00 63 00 74 00 28
00 74 00 68 00 69 00 73  00 29 00 3b 00 0a 00 20
00 20 00 20 00 20 00 20  00 20 00 20 00 20 00 7d
00 0a 00 20 00 20 00 20  00 20 00 7d 00 0a 00 0a
00 20 00 20 00 20 00 20  00 70 00 72 00 69 00 76
00 61 00 74 00 65 00 20  00 76 00 6f 00 69 00 64
00 20 00 55 00 70 00 64  00 61 00 74 00 65 00 28
00 29 00 0a 00 20 00 20  00 20 00 20 00 7b 00 0a
00 20 00 20 00 20 00 20  00 20 00 20 00 20 00 20
00 69 00 66 00 20 00 28  00 21 00 49 00 73 00 4f
00 77 00 6e 00 65 00 72  00 29 00 0a 00 20 00 20
00 20 00 20 00 20 00 20  00 20 00 20 00 7b 00 0a
00 20 00 20 00 20 00 20  00 20 00 20 00 20 00 20
00 20 00 20 00 20 00 20  00 72 00 65 00 74 00 75
00 72 00 6e 00 3b 00 0a  00 20 00 20 00 20 00 20
00 20 00 20 00 20 00 20  00 7d 00 0a 00 20 00 20
00 20 00 20 00 20 00 20  00 20 00 20 00 48 00 61
00 6e 00 64 00 6c 00 65  00 4d 00 6f 00 76 00 65
00 6d 00 65 00 6e 00 74  00 28 00 29 00 3b 00 0a
00 20 00 20 00 20 00 20  00 20 00 20 00 20 00 20
00 48 00 61 00 6e 00 64  00 6c 00 65 00 49 00 6e
00 74 00 65 00 72 00 61  00 63 00 74 00 69 00 6f
00 6e 00 73 00 28 00 29  00 3b 00 0a 00 20 00 20
00 20 00 20 00 7d 00 0a  00 0a 00 20 00 20 00 20
00 20 00 70 00 75 00 62  00 6c 00 69 00 63 00 20
00 62 00 6f 00 6f 00 6c  00 20 00 49 00 73 00 57
00 61 00 6c 00 6b 00 69  00 6e 00 67 00 28 00 29
00 0a 00 20 00 20 00 20  00 20 00 7b 00 0a 00 20
00 20 00 20 00 20 00 20  00 20 00 20 00 20 00 72
00 65 00 74 00 75 00 72  00 6e 00 20 00 69 00 73
00 57 00 61 00 6c 00 6b  00 69 00 6e 00 67 00 3b
00 0a 00 20 00 20 00 20  00 20 00 7d 00 0a 00 0a
00 20 00 20 00 20 00 20  00 70 00 72 00 69 00 76
00 61 00 74 00 65 00 20  00 76 00 6f 00 69 00 64
00 20 00 48 00 61 00 6e  00 64 00 6c 00 65 00 49
00 6e 00 74 00 65 00 72  00 61 00 63 00 74 00 69
00 6f 00 6e 00 73 00 28  00 29 00 0a 00 20 00 20
00 20 00 20 00 7b 00 0a  00 20 00 20 00 20 00 20
00 20 00 20 00 20 00 20  00 56 00 65 00 63 00 74
00 6f 00 72 00 32 00 20  00 69 00 6e 00 70 00 75
00 74 00 56 00 65 00 63  00 74 00 6f 00 72 00 20
00 3d 00 20 00 47 00 61  00 6d 00 65 00 49 00 6e
00 70 00 75 00 74 00 2e  00 49 00 6e 00 73 00 74
00 61 00 6e 00 63 00 65  00 2e 00 47 00 65 00 74
00 4d 00 6f 00 76 00 65  00 6d 00 65 00 6e 00 74
00 56 00 65 00 63 00 74  00 6f 00 72 00 4e 00 6f
00 72 00 6d 00 61 00 6c  00 69 00 7a 00 65 00 64
00 28 00 29 00 3b 00 0a  00 0a 00 20 00 20 00 20
00 20 00 20 00 20 00 20  00 20 00 56 00 65 00 63
00 74 00 6f 00 72 00 33  00 20 00 6d 00 6f 00 76
00 65 00 44 00 69 00 72  00 20 00 3d 00 20 00 6e
00 65 00 77 00 20 00 56  00 65 00 63 00 74 00 6f
00 72 00 33 00 28 00 69  00 6e 00 70 00 75 00 74
00 56 00 65 00 63 00 74  00 6f 00 72 00 2e 00 78
00 2c 00 20 00 30 00 66  00 2c 00 20 00 69 00 6e
00 70 00 75 00 74 00 56  00 65 00 63 00 74 00 6f
00 72 00 2e 00 79 00 29  00 3b 00 0a 00 0a 00 20
00 20 00 20 00 20 00 20  00 20 00 20 00 20 00 69
00 66 00 20 00 28 00 6d  00 6f 00 76 00 65 00 44
00 69 00 72 00 20 00 21  00 3d 00 20 00 56 00 65
00 63 00 74 00 6f 00 72  00 33 00 2e 00 7a 00 65
00 72 00 6f 00 29 00 0a  00 20 00 20 00 20 00 20
00 20 00 20 00 20 00 20  00 7b 00 0a 00 20 00 20
00 20 00 20 00 20 00 20  00 20 00 20 00 20 00 20
00 20 00 20 00 6c 00 61  00 73 00 74 00 49 00 6e
00 74 00 65 00 72 00 61  00 63 00 74 00 44 00 69
00 72 00 20 00 3d 00 20  00 6d 00 6f 00 76 00 65
00 44 00 69 00 72 00 3b  00 0a 00 20 00 20 00 20
00 20 00 20 00 20 00 20  00 20 00 7d 00 0a 00 0a
00 20 00 20 00 20 00 20  00 20 00 20 00 20 00 20
00 66 00 6c 00 6f 00 61  00 74 00 20 00 69 00 6e
00 74 00 65 00 63 00 72  00 61 00 63 00 74 00 44
00 69 00 73 00 74 00 61  00 6e 00 63 00 65 00 20
00 3d 00 20 00 32 00 66  00 3b 00 0a 00 20 00 20
00 20 00 20 00 20 00 20  00 20 00 20 00 69 00 66
00 20 00 28 00 50 00 68  00 79 00 73 00 69 00 63
00 73 00 2e 00 52 00 61  00 79 00 63 00 61 00 73
00 74 00 28 00 74 00 72  00 61 00 6e 00 73 00 66
00 6f 00 72 00 6d 00 2e  00 70 00 6f 00 73 00 69
00 74 00 69 00 6f 00 6e  00 2c 00 20 00 6c 00 61
00 73 00 74 00 49 00 6e  00 74 00 65 00 72 00 61
00 63 00 74 00 44 00 69  00 72 00 2c 00 20 00 6f
00 75 00 74 00 20 00 52  00 61 00 79 00 63 00 61
00 73 00 74 00 48 00 69  00 74 00 20 00 72 00 61
00 79 00 63 00 61 00 73  00 74 00 48 00 69 00 74
00 2c 00 20 00 69 00 6e  00 74 00 65 00 63 00 72
00 61 00 63 00 74 00 44  00 69 00 73 00 74 00 61
00 6e 00 63 00 65 00 2c  00 20 00 63 00 6f 00 6c
00 6c 00 69 00 73 00 69  00 6f 00 6e 00 73 00 4c
00 61 00 79 00 65 00 72  00 4d 00 61 00 73 00 6b
00 29 00 29 00 0a 00 20  00 20 00 20 00 20 00 20
00 20 00 20 00 20 00 7b  00 0a 00 20 00 20 00 20
00 20 00 20 00 20 00 20  00 20 00 20 00 20 00 20
00 20 00 69 00 66 00 20  00 28 00 72 00 61 00 79
00 63 00 61 00 73 00 74  00 48 00 69 00 74 00 2e
00 74 00 72 00 61 00 6e  00 73 00 66 00 6f 00 72
00 6d 00 2e 00 54 00 72  00 79 00 47 00 65 00 74
00 43 00 6f 00 6d 00 70  00 6f 00 6e 00 65 00 6e
00 74 00 28 00 6f 00 75  00 74 00 20 00 42 00 61
00 73 00 65 00 43 00 6f  00 75 00 6e 00 74 00 65
00 72 00 20 00 62 00 61  00 73 00 65 00 43 00 6f
00 75 00 6e 00 74 00 65  00 72 00 29 00 29 00 0a
00 20 00 20 00 20 00 20  00 20 00 20 00 20 00 20
00 20 00 20 00 20 00 20  00 7b 00 0a 00 20 00 20
00 20 00 20 00 20 00 20  00 20 00 20 00 20 00 20
00 20 00 20 00 20 00 20  00 20 00 20 00 2f 00 2f
ff fd 01 f7 ff fd ff fd  ff fd ff fd 00 63 00 6c
00 65 00 61 00 72 00 43  00 6f 00 75 00 6e 00 74
00 65 00 72 ff fd ff fd  ff fd 00 0a 00 20 00 20
00 20 00 20 00 20 00 20  00 20 00 20 00 20 00 20
00 20 00 20 00 20 00 20  00 20 00 20 00 69 00 66
00 20 00 28 00 62 00 61  00 73 00 65 00 43 00 6f
00 75 00 6e 00 74 00 65  00 72 00 20 00 21 00 3d
00 20 00 73 00 65 00 6c  00 65 00 63 00 74 00 65
00 64 00 43 00 6f 00 75  00 6e 00 74 00 65 00 72
00 29 00 0a 00 20 00 20  00 20 00 20 00 20 00 20
00 20 00 20 00 20 00 20  00 20 00 20 00 20 00 20
00 20 00 20 00 7b 00 0a  00 20 00 20 00 20 00 20
00 20 00 20 00 20 00 20  00 20 00 20 00 20 00 20
00 20 00 20 00 20 00 20  00 20 00 20 00 20 00 20
00 53 00 65 00 74 00 53  00 65 00 6c 00 65 00 63
00 74 00 65 00 64 00 43  00 6f 00 75 00 6e 00 74
00 65 00 72 00 28 00 62  00 61 00 73 00 65 00 43
00 6f 00 75 00 6e 00 74  00 65 00 72 00 29 00 3b
00 0a 00 20 00 20 00 20  00 20 00 20 00 20 00 20
00 20 00 20 00 20 00 20  00 20 00 20 00 20 00 20
00 20 00 7d 00 0a 00 20  00 20 00 20 00 20 00 20
00 20 00 20 00 20 00 20  00 20 00 20 00 20 00 7d
00 0a 00 20 00 20 00 20  00 20 00 20 00 20 00 20
00 20 00 20 00 20 00 20  00 20 00 65 00 6c 00 73
00 65 00 0a 00 20 00 20  00 20 00 20 00 20 00 20
00 20 00 20 00 20 00 20  00 20 00 20 00 7b 00 0a
00 20 00 20 00 20 00 20  00 20 00 20 00 20 00 20
00 20 00 20 00 20 00 20  00 20 00 20 00 20 00 20
00 53 00 65 00 74 00 53  00 65 00 6c 00 65 00 63
00 74 00 65 00 64 00 43  00 6f 00 75 00 6e 00 74
00 65 00 72 00 28 00 6e  00 75 00 6c 00 6c 00 29
00 3b 00 0a 00 20 00 20  00 20 00 20 00 20 00 20
00 20 00 20 00 20 00 20  00 20 00 20 00 7d 00 0a
00 0a 00 20 00 20 00 20  00 20 00 20 00 20 00 20
00 20 00 7d 00 0a 00 20  00 20 00 20 00 20 00 20
00 20 00 20 00 20 00 65  00 6c 00 73 00 65 00 0a
00 20 00 20 00 20 00 20  00 20 00 20 00 20 00 20
00 7b 00 0a 00 20 00 20  00 20 00 20 00 20 00 20
00 20 00 20 00 20 00 20  00 20 00 20 00 53 00 65
00 74 00 53 00 65 00 6c  00 65 00 63 00 74 00 65
00 64 00 43 00 6f 00 75  00 6e 00 74 00 65 00 72
00 28 00 6e 00 75 00 6c  00 6c 00 29 00 3b 00 0a
00 20 00 20 00 20 00 20  00 20 00 20 00 20 00 20
00 7d 00 0a 00 20 00 20  00 20 00 20 00 7d 00 0a
00 0a 00 20 00 20 00 20  00 20 00 70 00 72 00 69
00 76 00 61 00 74 00 65  00 20 00 76 00 6f 00 69
00 64 00 20 00 48 00 61  00 6e 00 64 00 6c 00 65
00 4d 00 6f 00 76 00 65  00 6d 00 65 00 6e 00 74
00 28 00 29 00 0a 00 20  00 20 00 20 00 20 00 7b
00 0a 00 20 00 20 00 20  00 20 00 20 00 20 00 20
00 20 00 56 00 65 00 63  00 74 00 6f 00 72 00 32
00 20 00 69 00 6e 00 70  00 75 00 74 00 56 00 65
00 63 00 74 00 6f 00 72  00 20 00 3d 00 20 00 47
00 61 00 6d 00 65 00 49  00 6e 00 70 00 75 00 74
00 2e 00 49 00 6e 00 73  00 74 00 61 00 6e 00 63
00 65 00 2e 00 47 00 65  00 74 00 4d 00 6f 00 76
00 65 00 6d 00 65 00 6e  00 74 00 56 00 65 00 63
00 74 00 6f 00 72 00 4e  00 6f 00 72 00 6d 00 61
00 6c 00 69 00 7a 00 65  00 64 00 28 00 29 00 3b
00 0a 00 0a 00 20 00 20  00 20 00 20 00 20 00 20
00 20 00 20 00 56 00 65  00 63 00 74 00 6f 00 72
00 33 00 20 00 6d 00 6f  00 76 00 65 00 44 00 69
00 72 00 20 00 3d 00 20  00 6e 00 65 00 77 00 20
00 56 00 65 00 63 00 74  00 6f 00 72 00 33 00 28
00 69 00 6e 00 70 00 75  00 74 00 56 00 65 00 63
00 74 00 6f 00 72 00 2e  00 78 00 2c 00 20 00 30
00 66 00 2c 00 20 00 69  00 6e 00 70 00 75 00 74
00 56 00 65 00 63 00 74  00 6f 00 72 00 2e 00 79
00 29 00 3b 00 0a 00 0a  00 20 00 20 00 20 00 20
00 20 00 20 00 20 00 20  00 66 00 6c 00 6f 00 61
00 74 00 20 00 6d 00 6f  00 76 00 65 00 44 00 69
00 73 00 74 00 61 00 6e  00 63 00 65 00 20 00 3d
00 20 00 6d 00 6f 00 76  00 65 00 53 00 70 00 65
00 65 00 64 00 20 00 2a  00 20 00 54 00 69 00 6d
00 65 00 2e 00 64 00 65  00 6c 00 74 00 61 00 54
00 69 00 6d 00 65 00 3b  00 0a 00 20 00 20 00 20
00 20 00 20 00 20 00 20  00 20 00 66 00 6c 00 6f
00 61 00 74 00 20 00 70  00 6c 00 61 00 79 00 65
00 72 00 52 00 61 00 64  00 69 00 75 00 73 00 20
00 3d 00 20 00 2e 00 37  00 66 00 3b 00 0a 00 20
00 20 00 20 00 20 00 20  00 20 00 20 00 20 00 66
00 6c 00 6f 00 61 00 74  00 20 00 70 00 6c 00 61
00 79 00 65 00 72 00 48  00 65 00 69 00 67 00 68
00 74 00 20 00 3d 00 20  00 32 00 66 00 3b 00 0a
00 20 00 20 00 20 00 20  00 20 00 20 00 20 00 20
00 62 00 6f 00 6f 00 6c  00 20 00 63 00 61 00 6e
00 4d 00 6f 00 76 00 65  00 20 00 3d 00 20 00 21
00 50 00 68 00 79 00 73  00 69 00 63 00 73 00 2e
00 42 00 6f 00 78 00 43  00 61 00 73 00 74 00 28
00 74 00 72 00 61 00 6e  00 73 00 66 00 6f 00 72
00 6d 00 2e 00 70 00 6f  00 73 00 69 00 74 00 69
00 6f 00 6e 00 2c 00 20  00 56 00 65 00 63 00 74
00 6f 00 72 00 33 00 2e  00 6f 00 6e 00 65 00 20
00 2a 00 20 00 70 00 6c  00 61 00 79 00 65 00 72
00 52 00 61 00 64 00 69  00 75 00 73 00 2c 00 20
00 6d 00 6f 00 76 00 65  00 44 00 69 00 72 00 2c
00 20 00 51 00 75 00 61  00 74 00 65 00 72 00 6e
00 69 00 6f 00 6e 00 2e  00 69 00 64 00 65 00 6e
00 74 00 69 00 74 00 79  00 2c 00 20 00 6d 00 6f
00 76 00 65 00 44 00 69  00 73 00 74 00 61 00 6e
00 63 00 65 00 2c 00 20  00 63 00 6f 00 6c 00 6c
00 69 00 73 00 69 00 6f  00 6e 00 73 00 4c 00 61
00 79 00 65 00 72 00 4d  00 61 00 73 00 6b 00 29
00 3b 00 0a 00 0a 00 20  00 20 00 20 00 20 00 20
00 20 00 20 00 20 00 69  00 66 00 20 00 28 00 21
00 63 00 61 00 6e 00 4d  00 6f 00 76 00 65 00 29
00 0a 00 20 00 20 00 20  00 20 00 20 00 20 00 20
00 20 00 7b 00 0a 00 20  00 20 00 20 00 20 00 20
00 20 00 20 00 20 00 20  00 20 00 20 00 20 00 2f
00 2f 00 20 59 82 67 9c  4e 0d 80 fd 65 9c 77 40
79 fb 52 a8 ff 0c 5c 1d  8b d5 52 06 5f 00 79 fb
52 a8 00 0a 00 20 00 20  00 20 00 20 00 20 00 20
00 20 00 20 00 20 00 20  00 20 00 20 00 2f 00 2f
00 20 5c 1d 8b d5 00 58  8f 74 65 b9 54 11 79 fb
52 a8 00 0a 00 20 00 20  00 20 00 20 00 20 00 20
00 20 00 20 00 20 00 20  00 20 00 20 00 56 00 65
00 63 00 74 00 6f 00 72  00 33 00 20 00 6d 00 6f
00 76 00 65 00 44 00 69  00 72 00 58 00 20 00 3d
00 20 00 6e 00 65 00 77  00 20 00 56 00 65 00 63
00 74 00 6f 00 72 00 33  00 28 00 6d 00 6f 00 76
00 65 00 44 00 69 00 72  00 2e 00 78 00 2c 00 20
00 30 00 66 00 2c 00 20  00 30 00 66 00 29 00 2e
00 6e 00 6f 00 72 00 6d  00 61 00 6c 00 69 00 7a
00 65 00 64 00 3b 00 0a  00 20 00 20 00 20 00 20
00 20 00 20 00 20 00 20  00 20 00 20 00 20 00 20
00 63 00 61 00 6e 00 4d  00 6f 00 76 00 65 00 20
00 3d 00 20 00 6d 00 6f  00 76 00 65 00 44 00 69
00 72 00 2e 00 78 00 20  00 21 00 3d 00 20 00 30
00 20 00 26 00 26 00 20  00 21 00 50 00 68 00 79
00 73 00 69 00 63 00 73  00 2e 00 42 00 6f 00 78
00 43 00 61 00 73 00 74  00 28 00 74 00 72 00 61
00 6e 00 73 00 66 00 6f  00 72 00 6d 00 2e 00 70
00 6f 00 73 00 69 00 74  00 69 00 6f 00 6e 00 2c
00 20 00 56 00 65 00 63  00 74 00 6f 00 72 00 33
00 2e 00 6f 00 6e 00 65  00 20 00 2a 00 20 00 70
00 6c 00 61 00 79 00 65  00 72 00 52 00 61 00 64
00 69 00 75 00 73 00 2c  00 20 00 6d 00 6f 00 76
00 65 00 44 00 69 00 72  00 58 00 2c 00 20 00 51
00 75 00 61 00 74 00 65  00 72 00 6e 00 69 00 6f
00 6e 00 2e 00 69 00 64  00 65 00 6e 00 74 00 69
00 74 00 79 00 2c 00 20  00 6d 00 6f 00 76 00 65
00 44 00 69 00 73 00 74  00 61 00 6e 00 63 00 65
00 2c 00 20 00 63 00 6f  00 6c 00 6c 00 69 00 73
00 69 00 6f 00 6e 00 73  00 4c 00 61 00 79 00 65
00 72 00 4d 00 61 00 73  00 6b 00 29 00 3b 00 0a
00 0a 00 20 00 20 00 20  00 20 00 20 00 20 00 20
00 20 00 20 00 20 00 20  00 20 00 69 00 66 00 20
00 28 00 63 00 61 00 6e  00 4d 00 6f 00 76 00 65
00 29 00 0a 00 20 00 20  00 20 00 20 00 20 00 20
00 20 00 20 00 20 00 20  00 20 00 20 00 7b 00 0a
00 20 00 20 00 20 00 20  00 20 00 20 00 20 00 20
00 20 00 20 00 20 00 20  00 20 00 20 00 20 00 20
00 2f 00 2f 00 20 53 ea  80 fd 6c bf 00 58 8f 74
79 fb 52 a8 00 0a 00 20  00 20 00 20 00 20 00 20
00 20 00 20 00 20 00 20  00 20 00 20 00 20 00 20
00 20 00 20 00 20 00 6d  00 6f 00 76 00 65 00 44
00 69 00 72 00 20 00 3d  00 20 00 6d 00 6f 00 76
00 65 00 44 00 69 00 72  00 58 00 3b 00 0a 00 20
00 20 00 20 00 20 00 20  00 20 00 20 00 20 00 20
00 20 00 20 00 20 00 7d  00 0a 00 20 00 20 00 20
00 20 00 20 00 20 00 20  00 20 00 20 00 20 00 20
00 20 00 65 00 6c 00 73  00 65 00 0a 00 20 00 20
00 20 00 20 00 20 00 20  00 20 00 20 00 20 00 20
00 20 00 20 00 7b 00 0a  00 20 00 20 00 20 00 20
00 20 00 20 00 20 00 20  00 20 00 20 00 20 00 20
00 20 00 20 00 20 00 20  00 2f 00 2f 00 20 5c 1d
8b d5 00 5a 8f 74 65 b9  54 11 79 fb 52 a8 00 0a
00 20 00 20 00 20 00 20  00 20 00 20 00 20 00 20
00 20 00 20 00 20 00 20  00 20 00 20 00 20 00 20
00 56 00 65 00 63 00 74  00 6f 00 72 00 33 00 20
00 6d 00 6f 00 76 00 65  00 44 00 69 00 72 00 5a
00 20 00 3d 00 20 00 6e  00 65 00 77 00 20 00 56
00 65 00 63 00 74 00 6f  00 72 00 33 00 28 00 30
00 66 00 2c 00 20 00 30  00 66 00 2c 00 20 00 6d
00 6f 00 76 00 65 00 44  00 69 00 72 00 2e 00 7a
00 29 00 2e 00 6e 00 6f  00 72 00 6d 00 61 00 6c
00 69 00 7a 00 65 00 64  00 3b 00 0a 00 20 00 20
00 20 00 20 00 20 00 20  00 20 00 20 00 20 00 20
00 20 00 20 00 20 00 20  00 20 00 20 00 63 00 61
00 6e 00 4d 00 6f 00 76  00 65 00 20 00 3d 00 20
00 6d 00 6f 00 76 00 65  00 44 00 69 00 72 00 2e
00 7a 00 20 00 21 00 3d  00 20 00 30 00 20 00 26
00 26 00 20 00 21 00 50  00 68 00 79 00 73 00 69
00 63 00 73 00 2e 00 42  00 6f 00 78 00 43 00 61
00 73 00 74 00 28 00 74  00 72 00 61 00 6e 00 73
00 66 00 6f 00 72 00 6d  00 2e 00 70 00 6f 00 73
00 69 00 74 00 69 00 6f  00 6e 00 2c 00 20 00 56
00 65 00 63 00 74 00 6f  00 72 00 33 00 2e 00 6f
00 6e 00 65 00 20 00 2a  00 20 00 70 00 6c 00 61
00 79 00 65 00 72 00 52  00 61 00 64 00 69 00 75
00 73 00 2c 00 20 00 6d  00 6f 00 76 00 65 00 44
00 69 00 72 00 5a 00 2c  00 20 00 51 00 75 00 61
00 74 00 65 00 72 00 6e  00 69 00 6f 00 6e 00 2e
00 69 00 64 00 65 00 6e  00 74 00 69 00 74 00 79
00 2c 00 20 00 6d 00 6f  00 76 00 65 00 44 00 69
00 73 00 74 00 61 00 6e  00 63 00 65 00 2c 00 20
00 63 00 6f 00 6c 00 6c  00 69 00 73 00 69 00 6f
00 6e 00 73 00 4c 00 61  00 79 00 65 00 72 00 4d
00 61 00 73 00 6b 00 29  00 3b 00 0a 00 0a 00 20
00 20 00 20 00 20 00 20  00 20 00 20 00 20 00 20
00 20 00 20 00 20 00 20  00 20 00 20 00 20 00 69
00 66 00 20 00 28 00 63  00 61 00 6e 00 4d 00 6f
00 76 00 65 00 29 00 0a  00 20 00 20 00 20 00 20
00 20 00 20 00 20 00 20  00 20 00 20 00 20 00 20
00 20 00 20 00 20 00 20  00 7b 00 0a 00 20 00 20
00 20 00 20 00 20 00 20  00 20 00 20 00 20 00 20
00 20 00 20 00 20 00 20  00 20 00 20 00 20 00 20
00 20 00 20 00 2f 00 2f  00 20 53 ea 80 fd 6c bf
00 5a 8f 74 79 fb 52 a8  00 0a 00 20 00 20 00 20
00 20 00 20 00 20 00 20  00 20 00 20 00 20 00 20
00 20 00 20 00 20 00 20  00 20 00 20 00 20 00 20
00 20 00 6d 00 6f 00 76  00 65 00 44 00 69 00 72
00 20 00 3d 00 20 00 6d  00 6f 00 76 00 65 00 44
00 69 00 72 00 5a 00 3b  00 0a 00 20 00 20 00 20
00 20 00 20 00 20 00 20  00 20 00 20 00 20 00 20
00 20 00 20 00 20 00 20  00 20 00 7d 00 0a 00 0a
00 20 00 20 00 20 00 20  00 20 00 20 00 20 00 20
00 20 00 20 00 20 00 20  00 7d 00 0a 00 20 00 20
00 20 00 20 00 20 00 20  00 20 00 20 00 7d 00 0a
00 20 00 20 00 20 00 20  00 20 00 20 00 20 00 20
00 69 00 66 00 20 00 28  00 63 00 61 00 6e 00 4d
00 6f 00 76 00 65 00 29  00 0a 00 20 00 20 00 20
00 20 00 20 00 20 00 20  00 20 00 7b 00 0a 00 20
00 20 00 20 00 20 00 20  00 20 00 20 00 20 00 20
00 20 00 20 00 20 00 74  00 72 00 61 00 6e 00 73
00 66 00 6f 00 72 00 6d  00 2e 00 70 00 6f 00 73
00 69 00 74 00 69 00 6f  00 6e 00 20 00 2b 00 3d
00 20 00 6d 00 6f 00 76  00 65 00 44 00 69 00 72
00 20 00 2a 00 20 00 6d  00 6f 00 76 00 65 00 44
00 69 00 73 00 74 00 61  00 6e 00 63 00 65 00 3b
00 0a 00 20 00 20 00 20  00 20 00 20 00 20 00 20
00 20 00 7d 00 0a 00 0a  00 0a 00 20 00 20 00 20
00 20 00 20 00 20 00 20  00 20 00 69 00 73 00 57
00 61 00 6c 00 6b 00 69  00 6e 00 67 00 20 00 3d
00 20 00 6d 00 6f 00 76  00 65 00 44 00 69 00 72
00 20 00 21 00 3d 00 20  00 56 00 65 00 63 00 74
00 6f 00 72 00 33 00 2e  00 7a 00 65 00 72 00 6f
00 3b 00 0a 00 0a 00 20  00 20 00 20 00 20 00 20
00 20 00 20 00 20 00 66  00 6c 00 6f 00 61 00 74
00 20 00 72 00 6f 00 74  00 61 00 74 00 65 00 53
00 70 00 65 00 65 00 64  00 20 00 3d 00 20 00 31
00 30 00 66 00 3b 00 0a  00 20 00 20 00 20 00 20
00 20 00 20 00 20 00 20  00 74 00 72 00 61 00 6e
00 73 00 66 00 6f 00 72  00 6d 00 2e 00 66 00 6f
00 72 00 77 00 61 00 72  00 64 00 20 00 3d 00 20
00 56 00 65 00 63 00 74  00 6f 00 72 00 33 00 2e
00 53 00 6c 00 65 00 72  00 70 00 28 00 74 00 72
00 61 00 6e 00 73 00 66  00 6f 00 72 00 6d 00 2e
00 66 00 6f 00 72 00 77  00 61 00 72 00 64 00 2c
00 20 00 6d 00 6f 00 76  00 65 00 44 00 69 00 72
00 2c 00 20 00 54 00 69  00 6d 00 65 00 2e 00 64
00 65 00 6c 00 74 00 61  00 54 00 69 00 6d 00 65
00 20 00 2a 00 20 00 72  00 6f 00 74 00 61 00 74
00 65 00 53 00 70 00 65  00 65 00 64 00 29 00 3b
00 0a 00 20 00 20 00 20  00 20 00 7d 00 0a 00 0a
00 20 00 20 00 20 00 20  00 70 00 72 00 69 00 76
00 61 00 74 00 65 00 20  00 76 00 6f 00 69 00 64
00 20 00 53 00 65 00 74  00 53 00 65 00 6c 00 65
00 63 00 74 00 65 00 64  00 43 00 6f 00 75 00 6e
00 74 00 65 00 72 00 28  00 42 00 61 00 73 00 65
00 43 00 6f 00 75 00 6e  00 74 00 65 00 72 00 20
00 73 00 65 00 6c 00 65  00 63 00 74 00 65 00 64
00 43 00 6f 00 75 00 6e  00 74 00 65 00 72 00 29
00 0a 00 20 00 20 00 20  00 20 00 7b 00 0a 00 20
00 20 00 20 00 20 00 20  00 20 00 20 00 20 00 74
00 68 00 69 00 73 00 2e  00 73 00 65 00 6c 00 65
00 63 00 74 00 65 00 64  00 43 00 6f 00 75 00 6e
00 74 00 65 00 72 00 20  00 3d 00 20 00 73 00 65
00 6c 00 65 00 63 00 74  00 65 00 64 00 43 00 6f
00 75 00 6e 00 74 00 65  00 72 00 3b 00 0a 00 0a
00 20 00 20 00 20 00 20  00 20 00 20 00 20 00 20
00 4f 00 6e 00 53 00 65  00 6c 00 65 00 63 00 74
00 65 00 64 00 43 00 6f  00 75 00 6e 00 74 00 65
00 72 00 43 00 68 00 61  00 6e 00 67 00 65 00 64
00 3f 00 2e 00 49 00 6e  00 76 00 6f 00 6b 00 65
00 28 00 74 00 68 00 69  00 73 00 2c 00 20 00 6e
00 65 00 77 00 20 00 4f  00 6e 00 53 00 65 00 6c
00 65 00 63 00 74 00 65  00 64 00 43 00 6f 00 75
00 6e 00 74 00 65 00 72  00 43 00 68 00 61 00 6e
00 67 00 65 00 64 00 45  00 76 00 65 00 6e 00 74
00 41 00 72 00 67 00 73  00 0a 00 20 00 20 00 20
00 20 00 20 00 20 00 20  00 20 00 7b 00 0a 00 20
00 20 00 20 00 20 00 20  00 20 00 20 00 20 00 20
00 20 00 20 00 20 00 73  00 65 00 6c 00 65 00 63
00 74 00 65 00 64 00 43  00 6f 00 75 00 6e 00 74
00 65 00 72 00 20 00 3d  00 20 00 73 00 65 00 6c
00 65 00 63 00 74 00 65  00 64 00 43 00 6f 00 75
00 6e 00 74 00 65 00 72  00 0a 00 20 00 20 00 20
00 20 00 20 00 20 00 20  00 20 00 7d 00 29 00 3b
00 0a 00 20 00 20 00 20  00 20 00 7d 00 0a 00 0a
00 20 00 20 00 20 00 20  00 70 00 75 00 62 00 6c
00 69 00 63 00 20 00 54  00 72 00 61 00 6e 00 73
00 66 00 6f 00 72 00 6d  00 20 00 47 00 65 00 74
00 4b 00 69 00 74 00 63  00 68 00 65 00 6e 00 4f
00 62 00 6a 00 65 00 63  00 74 00 46 00 6f 00 6c
00 6c 00 6f 00 77 00 54  00 72 00 61 00 6e 00 73
00 66 00 6f 00 72 00 6d  00 28 00 29 00 0a 00 20
00 20 00 20 00 20 00 7b  00 0a 00 20 00 20 00 20
00 20 00 20 00 20 00 20  00 20 00 72 00 65 00 74
00 75 00 72 00 6e 00 20  00 6b 00 69 00 74 00 63
00 68 00 65 00 6e 00 4f  00 62 00 6a 00 65 00 63
00 74 00 48 00 6f 00 6c  00 64 00 50 00 6f 00 69
00 6e 00 74 00 3b 00 0a  00 20 00 20 00 20 00 20
00 7d 00 0a 00 0a 00 20  00 20 00 20 00 20 00 70
00 75 00 62 00 6c 00 69  00 63 00 20 00 76 00 6f
00 69 00 64 00 20 00 53  00 65 00 74 00 4b 00 69
00 74 00 63 00 68 00 65  00 6e 00 4f 00 62 00 6a
00 65 00 63 00 74 00 28  00 4b 00 69 00 74 00 63
00 68 00 65 00 6e 00 4f  00 62 00 6a 00 65 00 63
00 74 00 20 00 6b 00 69  00 74 00 63 00 68 00 65
00 6e 00 4f 00 62 00 6a  00 65 00 63 00 74 00 29
00 0a 00 20 00 20 00 20  00 20 00 7b 00 0a 00 20
00 20 00 20 00 20 00 20  00 20 00 20 00 20 00 74
00 68 00 69 00 73 00 2e  00 6b 00 69 00 74 00 63
00 68 00 65 00 6e 00 4f  00 62 00 6a 00 65 00 63
00 74 00 20 00 3d 00 20  00 6b 00 69 00 74 00 63
00 68 00 65 00 6e 00 4f  00 62 00 6a 00 65 00 63
00 74 00 3b 00 0a 00 20  00 20 00 20 00 20 00 20
00 20 00 20 00 20 00 69  00 66 00 20 00 28 00 6b
00 69 00 74 00 63 00 68  00 65 00 6e 00 4f 00 62
00 6a 00 65 00 63 00 74  00 20 00 21 00 3d 00 20
00 6e 00 75 00 6c 00 6c  00 29 00 0a 00 20 00 20
00 20 00 20 00 20 00 20  00 20 00 20 00 7b 00 0a
00 20 00 20 00 20 00 20  00 20 00 20 00 20 00 20
00 20 00 20 00 20 00 20  00 4f 00 6e 00 50 00 6c
00 69 00 63 00 6b 00 65  00 64 00 53 00 6f 00 6d
00 65 00 74 00 68 00 69  00 6e 00 67 00 3f 00 2e
00 49 00 6e 00 76 00 6f  00 6b 00 65 00 28 00 74
00 68 00 69 00 73 00 2c  00 20 00 45 00 76 00 65
00 6e 00 74 00 41 00 72  00 67 00 73 00 2e 00 45
00 6d 00 70 00 74 00 79  00 29 00 3b 00 0a 00 20
00 20 00 20 00 20 00 20  00 20 00 20 00 20 00 20
00 20 00 20 00 20 00 4f  00 6e 00 41 00 6e 00 79
00 50 00 69 00 63 00 6b  00 64 00 53 00 6f 00 6d
00 65 00 74 00 68 00 69  00 6e 00 67 00 3f 00 2e
00 49 00 6e 00 76 00 6f  00 6b 00 65 00 28 00 74
00 68 00 69 00 73 00 2c  00 20 00 45 00 76 00 65
00 6e 00 74 00 41 00 72  00 67 00 73 00 2e 00 45
00 6d 00 70 00 74 00 79  00 29 00 3b 00 0a 00 20
00 20 00 20 00 20 00 20  00 20 00 20 00 20 00 7d
00 0a 00 20 00 20 00 20  00 20 00 7d 00 0a 00 0a
00 20 00 20 00 20 00 20  00 70 00 75 00 62 00 6c
00 69 00 63 00 20 00 4b  00 69 00 74 00 63 00 68
00 65 00 6e 00 4f 00 62  00 6a 00 65 00 63 00 74
00 20 00 47 00 65 00 74  00 4b 00 69 00 74 00 63
00 68 00 65 00 6e 00 4f  00 62 00 6a 00 65 00 63
00 74 00 28 00 29 00 0a  00 20 00 20 00 20 00 20
00 7b 00 0a 00 20 00 20  00 20 00 20 00 20 00 20
00 20 00 20 00 72 00 65  00 74 00 75 00 72 00 6e
00 20 00 6b 00 69 00 74  00 63 00 68 00 65 00 6e
00 4f 00 62 00 6a 00 65  00 63 00 74 00 3b 00 0a
00 20 00 20 00 20 00 20  00 7d 00 0a 00 0a 00 20
00 20 00 20 00 20 00 70  00 75 00 62 00 6c 00 69
00 63 00 20 00 76 00 6f  00 69 00 64 00 20 00 43
00 6c 00 65 00 61 00 72  00 4b 00 69 00 74 00 63
00 68 00 65 00 6e 00 4f  00 62 00 6a 00 65 00 63
00 74 00 28 00 29 00 0a  00 20 00 20 00 20 00 20
00 7b 00 0a 00 20 00 20  00 20 00 20 00 20 00 20
00 20 00 20 00 6b 00 69  00 74 00 63 00 68 00 65
00 6e 00 4f 00 62 00 6a  00 65 00 63 00 74 00 20
00 3d 00 20 00 6e 00 75  00 6c 00 6c 00 3b 00 0a
00 20 00 20 00 20 00 20  00 7d 00 0a 00 0a 00 20
00 20 00 20 00 20 00 70  00 75 00 62 00 6c 00 69
00 63 00 20 00 62 00 6f  00 6f 00 6c 00 20 00 48
00 61 00 73 00 4b 00 69  00 74 00 63 00 68 00 65
00 6e 00 4f 00 62 00 6a  00 65 00 63 00 74 00 28
00 29 00 0a 00 20 00 20  00 20 00 20 00 7b 00 0a
00 20 00 20 00 20 00 20  00 20 00 20 00 20 00 20
00 72 00 65 00 74 00 75  00 72 00 6e 00 20 00 28
00 6b 00 69 00 74 00 63  00 68 00 65 00 6e 00 4f
00 62 00 6a 00 65 00 63  00 74 00 20 00 21 00 3d
00 20 00 6e 00 75 00 6c  00 6c 00 29 00 3b 00 0a
00 20 00 20 00 20 00 20  00 7d 00 0a 00 0a 00 20
00 20 00 20 00 20 00 70  00 75 00 62 00 6c 00 69
00 63 00 20 00 4e 00 65  00 74 00 77 00 6f 00 72
00 6b 00 4f 00 62 00 6a  00 65 00 63 00 74 00 20
00 47 00 65 00 74 00 4e  00 65 00 74 00 77 00 6f
00 72 00 6b 00 4f 00 62  00 6a 00 65 00 63 00 74
00 28 00 29 00 0a 00 20  00 20 00 20 00 20 00 7b
00 0a 00 20 00 20 00 20  00 20 00 20 00 20 00 20
00 20 00 72 00 65 00 74  00 75 00 72 00 6e 00 20
00 4e 00 65 00 74 00 77  00 6f 00 72 00 6b 00 4f
00 62 00 6a 00 65 00 63  00 74 00 3b 00 0a 00 20
00 20 00 20 00 20 00 7d  00 0a 00 0a 00 7d 00 0a
00 0a
